

Days              : 0
Hours             : 0
Minutes           : 0
Seconds           : 5
Milliseconds      : 280
Ticks             : 52800000
TotalDays         : 6.11111111111111E-05
TotalHours        : 0.00146666666666667
TotalMinutes      : 0.088
TotalSeconds      : 5.28
TotalMilliseconds : 5280



