

Days              : 0
Hours             : 0
Minutes           : 0
Seconds           : 6
Milliseconds      : 410
Ticks             : 64100000
TotalDays         : 7.41898148148148E-05
TotalHours        : 0.00178055555555556
TotalMinutes      : 0.106833333333333
TotalSeconds      : 6.41
TotalMilliseconds : 6410



