

Days              : 0
Hours             : 0
Minutes           : 0
Seconds           : 1
Milliseconds      : 860
Ticks             : 18600000
TotalDays         : 2.15277777777778E-05
TotalHours        : 0.000516666666666667
TotalMinutes      : 0.031
TotalSeconds      : 1.86
TotalMilliseconds : 1860



