

Days              : 0
Hours             : 0
Minutes           : 0
Seconds           : 5
Milliseconds      : 850
Ticks             : 58500000
TotalDays         : 6.77083333333333E-05
TotalHours        : 0.001625
TotalMinutes      : 0.0975
TotalSeconds      : 5.85
TotalMilliseconds : 5850



