

Days              : 0
Hours             : 0
Minutes           : 0
Seconds           : 2
Milliseconds      : 170
Ticks             : 21700000
TotalDays         : 2.51157407407407E-05
TotalHours        : 0.000602777777777778
TotalMinutes      : 0.0361666666666667
TotalSeconds      : 2.17
TotalMilliseconds : 2170



